 2 1 7  5 9 8  4 3 6 
 5 6 8  2 3 4  9 7 1 
 3 9 4  6 7 1  5 8 2 
 9 7 3  4 1 6  2 5 8 
 8 2 6  3 5 9  7 1 4 
 1 4 5  7 8 2  3 6 9 
 6 3 9  8 2 7  1 4 5 
 4 5 2  1 6 3  8 9 7 
 7 8 1  9 4 5  6 2 3 
 0 0 0  5 0 0  0 0 6 
 0 0 8  0 0 0  9 0 0 
 0 9 0  6 7 0  0 0 2 
 0 0 0  4 1 0  2 0 8 
 0 0 0  0 0 9  0 0 0 
 1 0 0  0 0 0  3 0 0 
 0 0 0  0 2 7  1 0 5 
 4 0 0  0 0 0  0 9 7 
 0 8 0  0 4 0  0 0 0 
 2 1 7  5 9 8  4 3 6 
 5 6 8  2 3 4  9 7 1 
 3 9 4  6 7 1  5 8 2 
 9 7 3  4 1 6  2 5 8 
 8 2 6  3 5 9  7 1 4 
 1 4 5  7 8 2  3 6 9 
 6 3 9  8 2 7  1 4 5 
 4 5 2  1 6 3  8 9 7 
 7 8 1  9 4 5  6 2 3 
 2 1 7  5 9 8  4 3 6 
 5 6 8  2 3 4  9 7 1 
 3 9 4  6 7 1  5 8 2 
 9 7 3  4 1 6  2 5 8 
 8 2 6  3 5 9  7 1 4 
 1 4 5  7 8 2  3 6 9 
 6 3 9  8 2 7  1 4 5 
 4 5 2  1 6 3  8 9 7 
 7 8 1  9 4 5  6 2 3 
